16672955
16672956
16672957
16672958
16672959
16672962
16672971
16672972
16673161
16673162
16673177
16673178
16673179
16673180
16673181
16673182
16673191
16673193
16673194
16673195
16673211
16673212
16673235
16673270
16673271
16673272
16673273
16673274
16673291
16673293
16673294
16673295
16673296
16673298
16673304
16673305
16673306
16673307
16673308
16673309
16673320
16673321
16673322
16673323
16673324
16673325
16673329
16673330
16673331
16673332
16673333
16673334
16673354
16673355
16673357
16673358
16673359
16673360
16673365
16673366
16673367
16673368
16673369
16673370
16673387
16673388
16673389
16675269
16675324
16676619
16676620
16676634
16676635
16676636
16676637
16676638
16676639
16676650
16676653
16676657
16676658
16676659
16676660
16676669
16676671
16676672
16676673
16676674
16676676
16676709
16676711
16676712
16676713
16676714
16676715
16676740
16676741
16676742
16676743
16676744
16676745
16676752
16676753
16676754
16676755
16676756
16676757
16676775
16676776
16676777
16676778
16676779
16676780
16676787
16676788
16676789
16676790
16676791
16676792
16676797
16676799
16676800
16676801
16676802
16676803
16676828
16676829
16676830
16676831
16676832
16676833
16676846
16676847
16676849
16676850
16676854
16676855
16676880
16676881
16676883
16676885
16676886
16676887
16676892
16676893
16676894
16676895
16676897
16676898
16676913
16676914
16676915
16676916
16676917
16676918
16676929
16676931
16676933
16676935
16676936
16676938
16676999
16677000
16677002
16677004
16677007
16677009
16677019
16677020
16677021
16677056
16677058
16677064
16677065
16677066
16677067
16677090
16677091
16677092
16677093
16677094
16677095
16677100
16677101
16677102
16677103
16677104
16677105
16677114
16677115
16677116
16677118
16677120
16677121
16677131
16677132
16677134
16677135
16677185
16677215
16677217
16677232
16677233
16677234
16677235
16677236
16677237
16677248
16677263
16677264
16677265
16677277
16677278
16677279
16677281
16677282
16677283
16678296
16678297
16678345
16678346
16678347
16678631
16678764
16678771
16678772
16678773
16678851
16678986
16679069
16679191
16679249
16679345
16679350
